BOX-176,31:38
