BOX-61,13:27
