BOX-209,8:48
