BOX-338,27:33
