BOX-134,111:47
